--------------------------------------------------
Original 5*5 Image
[[0 0 0 0 0]
 [0 0 0 0 0]
 [1 1 1 1 1]
 [0 0 0 0 0]
 [0 0 0 0 0]]
--------------------------------------------------
Kernel 3*3
[[-1 -1 -1]
 [ 0  0  0]
 [ 1  1  1]]
--------------------------------------------------
Feature map (Detected Edge)
[[ 3.  3.  3.]
 [ 0.  0.  0.]
 [-3. -3. -3.]]
--------------------------------------------------
Converted Feature map using ReLU
[[3. 3. 3.]
 [0. 0. 0.]
 [0. 0. 0.]]
--------------------------------------------------
Step 1
[[3. 3.]
 [0. 0.]]
[[3. 3.]
 [0. 0.]]
Step 2
[[0. 0.]
 [0. 0.]]
[[0. 0.]
 [0. 0.]]
Max Pooling Result (2*2)
[[3. 3.]
 [0. 0.]]
