--------------------------------------------------
Original 5*5 Image
[[0 0 0 0 0]
 [0 0 0 0 0]
 [1 1 1 1 1]
 [0 0 0 0 0]
 [0 0 0 0 0]]
--------------------------------------------------
Kernel 3*3
[[-1 -1 -1]
 [ 0  0  0]
 [ 1  1  1]]
--------------------------------------------------
[[0 0 0]
 [0 0 0]
 [1 1 1]]
[[0 0 0]
 [0 0 0]
 [1 1 1]]
[[0 0 0]
 [0 0 0]
 [1 1 1]]
[[0 0 0]
 [1 1 1]
 [0 0 0]]
[[0 0 0]
 [1 1 1]
 [0 0 0]]
[[0 0 0]
 [1 1 1]
 [0 0 0]]
[[1 1 1]
 [0 0 0]
 [0 0 0]]
[[1 1 1]
 [0 0 0]
 [0 0 0]]
[[1 1 1]
 [0 0 0]
 [0 0 0]]
Feature map (Detected Edge)
[[ 3.  3.  3.]
 [ 0.  0.  0.]
 [-3. -3. -3.]]
--------------------------------------------------
